cx: 316.88
cy: 241.63
fx: 532.85
fy: 535.45