image_width: 640
image_height: 480
camera_name: rgb_1411051177
camera_matrix:
  rows: 3
  cols: 3
  data: [630.3129225609323, 0, 311.3783092650518, 0, 600.6741300608152, 269.8119808055673, 0, 0, 1]
distortion_model: plumb_bob
distortion_coefficients:
  rows: 1
  cols: 5
  data: [0.09054995526138532, -0.2616517191513478, 0.00190040872539621, 0.000958652510314428, 0]
rectification_matrix:
  rows: 3
  cols: 3
  data: [1, 0, 0, 0, 1, 0, 0, 0, 1]
projection_matrix:
  rows: 3
  cols: 4
  data: [633.218994140625, 0, 311.168118573114, 0, 0, 603.9332885742188, 269.8934011069941, 0, 0, 0, 1, 0]